Initial Camera Matrix
[[ -1.00000000e+03   0.00000000e+00   0.00000000e+00]
 [  0.00000000e+00  -2.00000000e+03   0.00000000e+00]
 [  0.00000000e+00   0.00000000e+00   1.00000000e+00]]
Translation
[ 10.  15.  20.]
Initial Rotation
[[ 0.90270116  0.05153004  0.42717124]
 [ 0.18298683  0.85256757 -0.48953484]
 [-0.38941809  0.52007038  0.76018442]]
Initial ObjectPoints
[[  0.1251      56.35850143  19.33040047]
 [ 80.87409973  58.50090027  47.98730087]
 [ 35.02909851  89.59619904  82.28399658]
 [ 74.66049957  17.41080093  85.89430237]
 [ 71.05010223  51.35350037  30.39949989]
 [  1.49849999   9.1402998   36.44520187]
 [ 14.73130035  16.58989906  98.85250092]
 [ 44.56919861  11.9083004    0.46689999]
 [  0.89109999  37.7879982   53.16630173]
 [ 57.11840057  60.17639923  60.71659851]]
Image Points
[[[ -332.64056396 -1676.43798828]]

 [[-1922.37133789 -2027.91784668]]

 [[ -704.61096191  -995.88952637]]

 [[-1761.51281738   -44.65698624]]

 [[-2129.82958984 -2700.07202148]]

 [[ -528.03796387  -201.47355652]]

 [[ -677.08624268   337.66900635]]

 [[-5553.26025391 -7197.45996094]]

 [[ -444.83209229  -535.69232178]]

 [[-1204.62072754 -1250.74328613]]]

Computed Camera Calibration Matrix
[[ -1.00000005e+03   0.00000000e+00   1.27853623e-05]
 [  0.00000000e+00  -2.00000001e+03  -4.09910041e-05]
 [  0.00000000e+00   0.00000000e+00   1.00000000e+00]]
Computed Rotation Matrix
[[ 0.90270116  0.05153004  0.42717124]
 [ 0.18298683  0.85256757 -0.48953484]
 [-0.38941809  0.52007038  0.76018442]]
Computed Translation Matrix
[[  9.99999817  14.99999933  20.00000081]]